14896
89869
95084
41435
35688
85944
99290
41188
23612
39559
46183
45703
69106
67822
57034
30768
91793
63397
97380
85613
82489
92637
11089
75729
56288
94043
79103
79637
45521
80668
73998
70924
83525
70970
74566
91367
39975
69849
80387
62575
88010
40517
94521
51955
97662
56522
48785
52825
43478
97932
57847
43309
15237
14622
52167
10277
13010
85940
96893
21928
92869
30662
28200
21598
45447
37070
22158
47224
67266
45691
41263
54019
24017
14304
66781
98544
58761
55372
91824
82799
51543
80322
44380
18323
25356
54862
58342
88927
21453
91054
77048
96438
82074
77378
78651
30467
47573
70326
66242
48703
